1.000000000 0.000000000 0.000000000 0.000000000 0.000000000 1.000000000 0.000000000 0.000000000 0.000000000 0.000000000 1.000000000 0.000000000
1.000000000 -0.000199499 -0.000097832 0.000159388 0.000199500 1.000000000 0.000012126 0.000073214 0.000097830 -0.000012145 1.000000000 0.000079991
0.999999940 -0.000236925 -0.000124804 0.000234253 0.000236951 0.999999940 0.000204340 -0.000031323 0.000124756 -0.000204369 1.000000000 0.000076019
0.999999940 -0.000240515 -0.000104539 0.000204179 0.000240559 0.999999881 0.000423558 -0.000326624 0.000104437 -0.000423583 0.999999881 0.000168213
1.000000000 -0.000121661 0.000180765 -0.000200880 0.000121637 1.000000000 0.000134252 0.000026326 -0.000180781 -0.000134230 1.000000000 0.000145633
0.999999940 -0.000249733 -0.000102501 0.000249148 0.000249746 0.999999940 0.000127995 -0.000036531 0.000102469 -0.000128021 1.000000000 0.000051437
0.999999940 -0.000217608 0.000115635 -0.000054480 0.000217632 0.999999940 -0.000211696 0.000314062 -0.000115589 0.000211721 1.000000000 0.000015505
1.000000000 -0.000138388 0.000048641 -0.000002631 0.000138384 1.000000000 0.000075469 0.000033466 -0.000048652 -0.000075463 1.000000000 -0.000016863
0.999999940 -0.000204190 -0.000160350 0.000302659 0.000204247 0.999999940 0.000351212 -0.000194209 0.000160279 -0.000351245 0.999999940 0.000057874
0.999999940 -0.000393773 -0.000129664 0.000291097 0.000393815 0.999999881 0.000327387 -0.000154151 0.000129535 -0.000327438 0.999999940 0.000077811
1.000000000 -0.000175210 0.000049488 -0.000019184 0.000175207 1.000000000 0.000074907 0.000044203 -0.000049501 -0.000074899 1.000000000 0.000026331
1.000000000 -0.000104963 -0.000057092 0.000082454 0.000104977 0.999999940 0.000241851 -0.000063693 0.000057067 -0.000241857 0.999999940 0.000057591
1.000000000 -0.000146802 0.000011238 0.000015473 0.000146801 1.000000000 0.000090721 0.000083819 -0.000011251 -0.000090720 1.000000000 0.000100694
0.999999940 -0.000325614 -0.000114367 0.000237118 0.000325664 0.999999881 0.000434919 -0.000189082 0.000114225 -0.000434956 0.999999881 0.000207808
0.999999881 -0.000304004 -0.000368202 0.000474471 0.000304102 0.999999940 0.000265918 -0.000119417 0.000368121 -0.000266029 0.999999881 0.000109718
1.000000000 -0.000151511 -0.000134820 0.000208213 0.000151537 0.999999940 0.000192235 -0.000091772 0.000134790 -0.000192255 1.000000000 0.000092032
0.999999940 -0.000242227 -0.000112556 0.000247880 0.000242241 0.999999940 0.000120633 0.000027572 0.000112527 -0.000120660 1.000000000 0.000010031
1.000000000 -0.000153759 -0.000094772 0.000155618 0.000153767 1.000000000 0.000078109 0.000064210 0.000094760 -0.000078124 1.000000000 0.000109601
0.999999940 -0.000343554 -0.000115908 0.000235160 0.000343575 0.999999940 0.000178995 -0.000033857 0.000115846 -0.000179035 1.000000000 0.000053942
1.000000000 -0.000165291 0.000029204 0.000026611 0.000165291 1.000000000 -0.000003840 0.000135167 -0.000029203 0.000003845 1.000000000 0.000028380
1.000000000 -0.000095720 0.000085171 -0.000028795 0.000095709 1.000000000 0.000126632 -0.000081434 -0.000085183 -0.000126624 1.000000000 0.000015971
0.999999940 -0.000310339 -0.000281979 0.000406714 0.000310438 0.999999881 0.000352638 -0.000183451 0.000281869 -0.000352725 0.999999881 0.000160161
0.999999940 -0.000274932 -0.000246376 0.000375014 0.000275040 0.999999881 0.000440739 -0.000237183 0.000246255 -0.000440807 0.999999881 0.000122046
0.999999940 -0.000275400 -0.000095156 0.000209759 0.000275436 0.999999881 0.000370256 -0.000125028 0.000095054 -0.000370282 0.999999940 0.000127015
1.000000000 -0.000078745 -0.000100682 0.000161999 0.000078757 1.000000000 0.000113859 0.000039307 0.000100674 -0.000113867 1.000000000 0.000102021
1.000000000 -0.000001215 0.000009276 -0.000031330 0.000001214 1.000000000 0.000127111 -0.000018066 -0.000009276 -0.000127111 1.000000000 0.000129535
1.000000000 0.000012678 0.000064784 -0.000046765 -0.000012677 1.000000000 -0.000004440 0.000165811 -0.000064784 0.000004439 1.000000000 0.000158695
1.000000000 -0.000143872 -0.000000561 0.000091134 0.000143872 1.000000000 0.000078212 0.000054203 0.000000550 -0.000078212 1.000000000 0.000143427
1.000000000 -0.000168135 -0.000044394 0.000173872 0.000168147 0.999999940 0.000269743 -0.000111909 0.000044349 -0.000269750 0.999999940 0.000166943
1.000000000 -0.000079009 0.000139310 -0.000153907 0.000079040 1.000000000 -0.000219761 0.000403275 -0.000139292 0.000219772 0.999999940 0.000009501
1.000000000 -0.000092422 -0.000055641 0.000143616 0.000092432 1.000000000 0.000178232 -0.000069636 0.000055624 -0.000178237 1.000000000 0.000025062
0.999999821 -0.000339161 -0.000474774 0.000625035 0.000339389 0.999999821 0.000478394 -0.000314303 0.000474612 -0.000478555 0.999999762 0.000211241
0.999999881 -0.000244348 -0.000399348 0.000506049 0.000244539 0.999999881 0.000477009 -0.000382532 0.000399232 -0.000477106 0.999999821 0.000108669
1.000000000 -0.000115160 0.000122052 -0.000088720 0.000115144 1.000000000 0.000131810 0.000019533 -0.000122067 -0.000131796 1.000000000 0.000016443
0.999999940 -0.000309806 -0.000223433 0.000349126 0.000309824 0.999999940 0.000082453 0.000038775 0.000223407 -0.000082523 1.000000000 0.000076213
1.000000000 -0.000185906 -0.000064222 0.000205676 0.000185927 0.999999940 0.000317324 -0.000122696 0.000064163 -0.000317336 0.999999940 0.000171259
1.000000000 -0.000116581 -0.000102466 0.000137896 0.000116584 1.000000000 0.000032113 0.000043072 0.000102462 -0.000032125 1.000000000 -0.000070674
1.000000000 -0.000224965 0.000030086 0.000042804 0.000224958 0.999999940 0.000236650 -0.000048143 -0.000030139 -0.000236644 1.000000000 0.000110728
1.000000000 -0.000190641 -0.000132719 0.000227876 0.000190663 0.999999940 0.000167584 0.000033747 0.000132687 -0.000167610 1.000000000 0.000124373
0.999999940 -0.000258790 -0.000090400 0.000168840 0.000258810 0.999999940 0.000222612 -0.000046093 0.000090342 -0.000222635 1.000000000 0.000151264
0.999999821 -0.000424570 -0.000471920 0.000646066 0.000424776 0.999999821 0.000435389 -0.000310419 0.000471735 -0.000435589 0.999999821 0.000184081
0.999999940 -0.000345940 -0.000228171 0.000364948 0.000346024 0.999999881 0.000367870 -0.000197540 0.000228043 -0.000367949 0.999999881 0.000143943
0.999999940 -0.000249813 -0.000164859 0.000264220 0.000249844 0.999999940 0.000190582 -0.000022433 0.000164811 -0.000190623 0.999999940 0.000072776
1.000000000 0.000033535 0.000139344 -0.000147425 -0.000033525 1.000000000 -0.000069484 0.000109026 -0.000139346 0.000069480 1.000000000 0.000088226
1.000000000 -0.000171844 -0.000004286 0.000074179 0.000171845 0.999999940 0.000192615 -0.000058535 0.000004253 -0.000192616 1.000000000 0.000071679
1.000000000 -0.000154007 -0.000151733 0.000239538 0.000154061 0.999999940 0.000359857 -0.000132673 0.000151677 -0.000359880 0.999999940 0.000166204
0.999999940 -0.000249262 0.000131783 -0.000036915 0.000249245 0.999999940 0.000130902 -0.000019415 -0.000131815 -0.000130869 1.000000000 0.000002061
0.999999940 -0.000310944 -0.000259285 0.000361487 0.000311004 0.999999940 0.000231601 -0.000114093 0.000259213 -0.000231681 0.999999940 0.000044714
1.000000000 -0.000186411 -0.000012481 0.000067570 0.000186412 1.000000000 0.000109619 -0.000009224 0.000012461 -0.000109621 1.000000000 0.000049516
0.999999940 -0.000301824 -0.000090331 0.000177164 0.000301861 0.999999881 0.000403430 -0.000260183 0.000090209 -0.000403458 0.999999940 0.000049958
0.999999940 -0.000235537 -0.000165556 0.000242116 0.000235572 0.999999940 0.000210900 -0.000075345 0.000165507 -0.000210939 0.999999940 0.000117111
0.999999464 -0.000523204 -0.000888774 0.001193543 0.000523588 0.999999762 0.000432442 -0.000144657 0.000888547 -0.000432907 0.999999523 0.000358047
0.999999940 -0.000260351 -0.000070513 0.000219199 0.000260363 0.999999940 0.000170011 -0.000051157 0.000070469 -0.000170030 1.000000000 -0.000010293
1.000000000 -0.000168372 -0.000083398 0.000136416 0.000168386 1.000000000 0.000168945 -0.000060735 0.000083369 -0.000168959 1.000000000 0.000047388
1.000000000 -0.000083399 0.000080520 -0.000051850 0.000083401 1.000000000 -0.000025999 0.000101944 -0.000080518 0.000026006 1.000000000 0.000001733
0.999999940 -0.000330641 0.000010767 -0.000001002 0.000330639 0.999999940 0.000227405 -0.000076329 -0.000010843 -0.000227401 1.000000000 0.000097490
0.999999940 -0.000353483 -0.000082831 0.000204419 0.000353492 0.999999940 0.000107241 0.000058057 0.000082793 -0.000107270 1.000000000 0.000201681
1.000000000 -0.000016750 0.000029379 -0.000065636 0.000016750 1.000000000 0.000020342 0.000044384 -0.000029379 -0.000020342 1.000000000 0.000176748
0.999999940 -0.000309747 -0.000235354 0.000322284 0.000309822 0.999999881 0.000317101 -0.000180601 0.000235256 -0.000317174 0.999999940 0.000145288
1.000000000 -0.000205083 0.000090326 -0.000053919 0.000205087 1.000000000 -0.000052060 0.000155207 -0.000090315 0.000052079 1.000000000 -0.000040766
0.999999940 -0.000129367 0.000252873 -0.000260058 0.000129386 1.000000000 -0.000075055 0.000207225 -0.000252864 0.000075088 0.999999940 0.000259848
0.999999940 0.000043586 0.000354137 -0.000393366 -0.000043498 0.999999940 -0.000248940 0.000344976 -0.000354147 0.000248924 0.999999881 0.000069484
1.000000000 -0.000235287 0.000039838 0.000043285 0.000235283 0.999999940 0.000083439 0.000079051 -0.000039858 -0.000083430 1.000000000 0.000212411
0.999999881 -0.000395214 -0.000290794 0.000389738 0.000395336 0.999999821 0.000420084 -0.000295326 0.000290628 -0.000420198 0.999999881 0.000182988
1.000000000 -0.000170770 -0.000058839 0.000130226 0.000170783 0.999999940 0.000226350 -0.000035738 0.000058800 -0.000226360 1.000000000 0.000185237
1.000000000 -0.000151740 -0.000046405 0.000141857 0.000151755 0.999999940 0.000330050 -0.000149768 0.000046355 -0.000330057 0.999999940 0.000179387
0.999999940 -0.000387190 -0.000045313 0.000151813 0.000387204 0.999999881 0.000298826 -0.000118651 0.000045198 -0.000298844 0.999999940 0.000224174
0.999999940 -0.000191593 -0.000173674 0.000261012 0.000191616 1.000000000 0.000129098 0.000013250 0.000173649 -0.000129131 1.000000000 0.000044136
0.999999940 -0.000270175 -0.000079771 0.000161339 0.000270191 0.999999940 0.000210523 -0.000058051 0.000079714 -0.000210545 1.000000000 0.000016516
0.999999940 -0.000142885 -0.000212875 0.000324223 0.000142979 0.999999881 0.000441579 -0.000313747 0.000212812 -0.000441609 0.999999881 0.000104691
0.999999940 -0.000268055 -0.000180328 0.000387513 0.000268196 0.999999642 0.000778826 -0.000614766 0.000180119 -0.000778874 0.999999702 0.000182897
0.999999940 -0.000239543 -0.000299215 0.000436637 0.000239701 0.999999821 0.000528569 -0.000437943 0.000299088 -0.000528640 0.999999821 0.000149277
1.000000000 -0.000055621 -0.000100466 0.000187993 0.000055636 1.000000000 0.000147186 -0.000020226 0.000100458 -0.000147191 1.000000000 0.000044957
1.000000000 -0.000163593 0.000091911 -0.000029681 0.000163571 0.999999940 0.000239636 -0.000101450 -0.000091950 -0.000239621 0.999999940 0.000112691
0.999999940 -0.000251057 0.000160409 -0.000087237 0.000251038 0.999999940 0.000119394 0.000020435 -0.000160439 -0.000119353 1.000000000 0.000067382
1.000000000 -0.000164983 -0.000107645 0.000176726 0.000165019 0.999999940 0.000333071 -0.000175537 0.000107590 -0.000333089 0.999999940 0.000148086
1.000000000 -0.000035575 0.000107873 -0.000046810 0.000035577 1.000000000 -0.000018018 0.000135635 -0.000107872 0.000018022 1.000000000 -0.000030404
0.999999940 -0.000287639 -0.000104923 0.000222801 0.000287677 0.999999881 0.000361913 -0.000166255 0.000104819 -0.000361944 0.999999940 0.000079846
0.999999881 -0.000343262 -0.000342692 0.000540003 0.000343400 0.999999881 0.000403169 -0.000170183 0.000342553 -0.000403286 0.999999881 0.000262932
1.000000000 -0.000103126 0.000012223 0.000012769 0.000103122 0.999999940 0.000334824 -0.000156195 -0.000012258 -0.000334823 0.999999940 0.000173999
0.999999940 -0.000197916 -0.000198550 0.000268382 0.000197956 0.999999940 0.000200514 -0.000060354 0.000198510 -0.000200553 0.999999940 0.000164300
0.999999940 -0.000260555 0.000176997 -0.000075057 0.000260529 0.999999940 0.000145817 0.000040242 -0.000177035 -0.000145771 1.000000000 0.000068500
0.999999940 -0.000336105 0.000172909 -0.000141168 0.000336076 0.999999940 0.000169855 -0.000035022 -0.000172966 -0.000169797 1.000000000 0.000161299
1.000000000 -0.000227993 0.000040211 -0.000008839 0.000227986 0.999999940 0.000184930 -0.000019884 -0.000040253 -0.000184921 1.000000000 0.000067686
0.999999940 -0.000298603 -0.000065906 0.000145612 0.000298620 0.999999940 0.000249078 0.000074788 0.000065831 -0.000249097 0.999999940 0.000306437
0.999999940 -0.000266135 0.000202660 -0.000166777 0.000266157 0.999999940 -0.000107129 0.000203229 -0.000202631 0.000107183 1.000000000 0.000000675
0.999999881 -0.000437895 -0.000146778 0.000236631 0.000437945 0.999999821 0.000344674 -0.000215046 0.000146627 -0.000344738 0.999999940 0.000058874
0.999999940 -0.000293818 -0.000093191 0.000233278 0.000293855 0.999999881 0.000402651 -0.000226345 0.000093072 -0.000402678 0.999999940 0.000068188
0.999999940 -0.000246588 -0.000174066 0.000308928 0.000246624 0.999999940 0.000204240 0.000007973 0.000174016 -0.000204283 0.999999940 0.000161526
0.999999940 -0.000303831 -0.000000283 0.000176831 0.000303831 0.999999940 0.000087059 0.000125092 0.000000257 -0.000087059 1.000000000 0.000243228
0.999999762 -0.000511469 -0.000440030 0.000642407 0.000511744 0.999999702 0.000624916 -0.000373502 0.000439710 -0.000625141 0.999999702 0.000129851
0.999999881 -0.000430869 -0.000139391 0.000256335 0.000430918 0.999999821 0.000348865 -0.000212609 0.000139240 -0.000348925 0.999999940 0.000188676
0.999999940 -0.000330336 -0.000104809 0.000191447 0.000330360 0.999999940 0.000226785 -0.000063375 0.000104734 -0.000226819 0.999999940 0.000131083
1.000000000 -0.000235144 0.000042905 0.000084077 0.000235134 0.999999940 0.000221812 -0.000042240 -0.000042957 -0.000221802 1.000000000 0.000192510
0.999999940 -0.000232854 -0.000252710 0.000341602 0.000232909 0.999999940 0.000218880 -0.000053166 0.000252659 -0.000218938 0.999999940 0.000137362
0.999999940 -0.000239387 -0.000109094 0.000179746 0.000239423 0.999999940 0.000332709 -0.000103449 0.000109014 -0.000332735 0.999999940 0.000064078
1.000000000 -0.000111941 -0.000062452 0.000175301 0.000111945 1.000000000 0.000070760 0.000144910 0.000062444 -0.000070767 1.000000000 0.000187474
1.000000000 -0.000093502 -0.000209750 0.000264665 0.000093545 1.000000000 0.000206734 -0.000074246 0.000209730 -0.000206753 0.999999940 0.000075000
0.999999940 -0.000334861 -0.000197439 0.000349276 0.000334882 0.999999940 0.000105122 0.000058585 0.000197404 -0.000105188 1.000000000 0.000116522
0.999999881 -0.000312694 -0.000354741 0.000528468 0.000312863 0.999999821 0.000477720 -0.000287627 0.000354592 -0.000477831 0.999999821 0.000139236
0.999999940 -0.000294815 -0.000077324 0.000211824 0.000294842 0.999999881 0.000352798 -0.000115339 0.000077220 -0.000352820 0.999999940 0.000178449
1.000000000 -0.000150687 0.000107142 -0.000043756 0.000150665 0.999999940 0.000202440 -0.000062899 -0.000107172 -0.000202424 1.000000000 0.000101299
0.999999940 -0.000270308 -0.000143382 0.000266450 0.000270336 0.999999940 0.000195681 -0.000029651 0.000143329 -0.000195720 1.000000000 0.000121591
0.999999940 -0.000071217 0.000278229 -0.000244113 0.000071230 1.000000000 -0.000049794 0.000159365 -0.000278226 0.000049814 0.999999940 0.000005169
0.999999940 -0.000258974 -0.000173004 0.000341387 0.000259041 0.999999881 0.000385536 -0.000208491 0.000172904 -0.000385581 0.999999940 0.000092298
0.999999940 -0.000298206 0.000003391 0.000090981 0.000298205 0.999999940 0.000273588 -0.000068538 -0.000003472 -0.000273586 0.999999940 0.000139101
1.000000000 -0.000219852 -0.000095765 0.000235178 0.000219888 0.999999881 0.000370811 -0.000134611 0.000095684 -0.000370833 0.999999940 0.000142868
1.000000000 -0.000207878 -0.000088868 0.000179056 0.000207895 0.999999940 0.000186782 -0.000008421 0.000088830 -0.000186801 1.000000000 0.000105131
0.999999940 -0.000297733 -0.000051851 0.000174014 0.000297738 0.999999940 0.000097776 0.000056898 0.000051822 -0.000097791 1.000000000 0.000051763
0.999999881 -0.000313057 -0.000355020 0.000567274 0.000313325 0.999999642 0.000756270 -0.000530643 0.000354784 -0.000756382 0.999999642 0.000270775
1.000000000 -0.000144325 -0.000032863 0.000112488 0.000144332 0.999999940 0.000217138 -0.000096017 0.000032831 -0.000217142 1.000000000 0.000129633
0.999999940 -0.000274800 -0.000194623 0.000376585 0.000274893 0.999999821 0.000477719 -0.000222910 0.000194491 -0.000477772 0.999999881 0.000354618
1.000000000 -0.000203616 -0.000059758 0.000183717 0.000203641 0.999999881 0.000408603 -0.000219988 0.000059674 -0.000408615 0.999999940 0.000189667
0.999999940 -0.000389023 -0.000120708 0.000240096 0.000389066 0.999999881 0.000351103 -0.000104124 0.000120571 -0.000351150 0.999999940 0.000204748
0.999999940 0.000031464 0.000280552 -0.000312630 -0.000031353 0.999999940 -0.000393096 0.000556770 -0.000280564 0.000393087 0.999999881 0.000096009
0.999999940 -0.000360802 -0.000154377 0.000259859 0.000360831 0.999999940 0.000187285 -0.000066527 0.000154310 -0.000187341 1.000000000 0.000076320
0.999999940 -0.000226725 -0.000249119 0.000382671 0.000226839 0.999999881 0.000459965 -0.000306510 0.000249015 -0.000460021 0.999999881 0.000188029
0.999999940 -0.000360630 -0.000053875 0.000124342 0.000360634 0.999999940 0.000073460 0.000147953 0.000053849 -0.000073479 1.000000000 0.000154573
0.999999940 -0.000373289 -0.000028771 0.000113716 0.000373291 0.999999940 0.000052325 0.000101556 0.000028751 -0.000052335 1.000000000 0.000065039
1.000000000 -0.000206319 -0.000096319 0.000179863 0.000206350 0.999999940 0.000325735 -0.000165306 0.000096251 -0.000325755 0.999999940 0.000137349
1.000000000 -0.000167358 0.000105051 -0.000016663 0.000167338 0.999999940 0.000189184 0.000026903 -0.000105082 -0.000189166 1.000000000 0.000104056
0.999999940 -0.000245600 -0.000214897 0.000316724 0.000245631 0.999999940 0.000147253 -0.000032206 0.000214861 -0.000147306 0.999999940 0.000104492
0.999999881 -0.000469278 -0.000008008 0.000136113 0.000469280 0.999999821 0.000295942 -0.000075683 0.000007869 -0.000295946 0.999999940 0.000149534
0.999999940 -0.000390331 -0.000016637 0.000120049 0.000390334 0.999999881 0.000191528 -0.000019865 0.000016562 -0.000191535 1.000000000 0.000222300
0.999999821 -0.000406544 -0.000452892 0.000679369 0.000406861 0.999999642 0.000700444 -0.000508101 0.000452607 -0.000700628 0.999999642 0.000224827
0.999999940 -0.000397117 -0.000056177 0.000203542 0.000397140 0.999999821 0.000407185 -0.000161670 0.000056016 -0.000407208 0.999999940 0.000135144
1.000000000 -0.000224911 -0.000078094 0.000175844 0.000224918 1.000000000 0.000089640 0.000048016 0.000078074 -0.000089657 1.000000000 0.000150977
0.999999940 -0.000304026 0.000019164 0.000089640 0.000304019 0.999999881 0.000362489 -0.000098344 -0.000019274 -0.000362483 0.999999940 0.000155377
0.999999881 -0.000459049 -0.000091847 0.000253941 0.000459074 0.999999881 0.000274055 0.000029411 0.000091721 -0.000274097 0.999999940 0.000155526
1.000000000 -0.000140933 -0.000120669 0.000200927 0.000140942 1.000000000 0.000070973 0.000064718 0.000120659 -0.000070990 1.000000000 0.000136647
0.999999940 -0.000337187 -0.000192087 0.000345041 0.000337230 0.999999940 0.000222928 -0.000062051 0.000192012 -0.000222993 0.999999940 0.000118900
0.999999940 -0.000366592 -0.000015225 0.000103670 0.000366596 0.999999881 0.000280166 -0.000119118 0.000015122 -0.000280172 0.999999940 0.000175262
0.999999940 -0.000001850 0.000285313 -0.000284817 0.000001870 1.000000000 -0.000069767 0.000239128 -0.000285313 0.000069768 0.999999940 0.000151262
1.000000000 -0.000152188 -0.000013328 0.000152606 0.000152193 0.999999940 0.000316178 -0.000094674 0.000013280 -0.000316180 0.999999940 0.000169970
1.000000000 -0.000202264 -0.000014086 0.000046567 0.000202264 1.000000000 -0.000015292 0.000108029 0.000014089 0.000015289 1.000000000 0.000069656
0.999999881 -0.000416297 -0.000196867 0.000298054 0.000416331 0.999999881 0.000171959 0.000067994 0.000196796 -0.000172041 0.999999940 0.000065253
0.999999881 -0.000457125 -0.000243980 0.000414922 0.000457191 0.999999881 0.000270219 -0.000107523 0.000243856 -0.000270330 0.999999940 0.000134060
0.999999940 0.000021759 0.000265556 -0.000300218 -0.000021762 1.000000000 0.000010935 0.000109046 -0.000265556 -0.000010941 0.999999940 0.000021546
1.000000000 -0.000126250 -0.000203757 0.000296831 0.000126304 0.999999940 0.000263106 -0.000080682 0.000203724 -0.000263132 0.999999940 -0.000019272
1.000000000 -0.000149574 -0.000189474 0.000281218 0.000149596 1.000000000 0.000117091 0.000018887 0.000189457 -0.000117119 1.000000000 0.000183132
0.999999940 -0.000285359 -0.000035337 0.000147376 0.000285372 0.999999881 0.000350465 -0.000169688 0.000035237 -0.000350475 0.999999940 0.000168317
0.999999940 -0.000260225 -0.000205780 0.000301289 0.000260293 0.999999940 0.000332160 -0.000127108 0.000205694 -0.000332213 0.999999940 0.000159476
0.999999940 -0.000365245 -0.000204867 0.000377868 0.000365312 0.999999881 0.000328089 -0.000218565 0.000204747 -0.000328163 0.999999940 0.000133827
0.999999940 -0.000317087 -0.000040238 0.000241512 0.000317100 0.999999881 0.000321290 -0.000145581 0.000040136 -0.000321303 0.999999940 0.000113212
1.000000000 -0.000197264 0.000067449 -0.000025725 0.000197261 1.000000000 0.000055037 0.000077889 -0.000067460 -0.000055024 1.000000000 0.000110635
0.999999940 -0.000314086 -0.000118279 0.000249488 0.000314100 0.999999940 0.000111968 0.000038945 0.000118244 -0.000112005 1.000000000 0.000079996
1.000000000 -0.000165391 -0.000073616 0.000179694 0.000165402 1.000000000 0.000149063 -0.000012197 0.000073591 -0.000149075 1.000000000 0.000131397
0.999999940 -0.000259990 -0.000162034 0.000277973 0.000260022 0.999999940 0.000199740 0.000043007 0.000161982 -0.000199782 0.999999940 0.000243757
1.000000000 -0.000148830 -0.000053092 0.000155313 0.000148840 1.000000000 0.000193128 -0.000112879 0.000053063 -0.000193136 1.000000000 0.000029380
0.999999702 -0.000460313 -0.000598197 0.000805049 0.000460578 0.999999821 0.000442934 -0.000229758 0.000597993 -0.000443209 0.999999702 0.000138628
1.000000000 -0.000198806 0.000062522 0.000032282 0.000198790 0.999999940 0.000257601 -0.000075478 -0.000062573 -0.000257588 0.999999940 0.000133591
0.999999821 -0.000490057 -0.000378858 0.000585800 0.000490306 0.999999642 0.000657755 -0.000401307 0.000378536 -0.000657941 0.999999702 0.000210388
0.999999821 -0.000400638 -0.000469035 0.000654732 0.000400903 0.999999762 0.000566685 -0.000319252 0.000468808 -0.000566873 0.999999702 0.000180015
0.999999940 -0.000262588 0.000229327 -0.000084911 0.000262540 0.999999940 0.000212242 -0.000050529 -0.000229382 -0.000212182 0.999999940 0.000124566
1.000000000 -0.000110683 0.000082601 -0.000015705 0.000110692 1.000000000 -0.000107796 0.000271520 -0.000082589 0.000107805 1.000000000 0.000094604
0.999999881 -0.000464663 -0.000152560 0.000308345 0.000464713 0.999999821 0.000327612 -0.000168870 0.000152408 -0.000327683 0.999999940 0.000012358
1.000000000 -0.000061426 0.000218807 -0.000220339 0.000061366 0.999999940 0.000272384 -0.000124301 -0.000218823 -0.000272371 0.999999940 -0.000008986
0.999999940 -0.000384958 -0.000013858 0.000072295 0.000384960 0.999999940 0.000157715 0.000149564 0.000013797 -0.000157720 1.000000000 0.000052551
0.999999940 -0.000313348 -0.000216218 0.000291569 0.000313399 0.999999940 0.000234152 0.000050115 0.000216145 -0.000234219 0.999999940 0.000178146
0.999999881 -0.000523574 0.000068707 0.000137732 0.000523543 0.999999762 0.000458959 -0.000185000 -0.000068947 -0.000458923 0.999999881 0.000054560
0.999999881 -0.000428384 -0.000066435 0.000133343 0.000428406 0.999999881 0.000330333 -0.000002959 0.000066294 -0.000330361 0.999999940 0.000310112
0.999999940 -0.000346325 0.000235216 -0.000109153 0.000346310 0.999999940 0.000065709 0.000252132 -0.000235238 -0.000065628 0.999999940 0.000183261
0.999999702 -0.000694685 -0.000252628 0.000514542 0.000694757 0.999999702 0.000281425 0.000300821 0.000252432 -0.000281601 0.999999940 0.000614727
0.999999702 -0.000749836 -0.000089120 0.000381261 0.000749879 0.999999583 0.000492466 0.000050746 0.000088751 -0.000492533 0.999999881 0.000246523
0.999999642 -0.000827683 0.000050087 0.000231957 0.000827650 0.999999464 0.000663936 -0.000080428 -0.000050637 -0.000663894 0.999999762 0.000212344
0.999999523 -0.000954480 0.000294419 0.000047747 0.000954292 0.999999344 0.000640512 -0.000070139 -0.000295030 -0.000640230 0.999999762 0.000101882
0.999999106 -0.001338522 0.000099003 0.000422139 0.001338430 0.999998689 0.000922810 0.000035902 -0.000100238 -0.000922677 0.999999583 0.000109631
0.999998212 -0.001878465 0.000100738 0.000440655 0.001878361 0.999997735 0.001018842 0.000108660 -0.000102651 -0.001018651 0.999999464 0.000226144
0.999998212 -0.001901978 0.000074049 0.000554414 0.001901882 0.999997377 0.001284510 -0.000172876 -0.000076492 -0.001284367 0.999999166 0.000100709
0.999997377 -0.002283710 -0.000203234 0.000912327 0.002284037 0.999996066 0.001623401 -0.000281747 0.000199526 -0.001623861 0.999998689 0.000300231
0.999998033 -0.001985506 -0.000078570 0.000788462 0.001985604 0.999997199 0.001267114 -0.000003013 0.000076054 -0.001267267 0.999999166 0.000234598
0.999997914 -0.002025961 0.000144346 0.000450788 0.002025764 0.999997020 0.001354249 -0.000103961 -0.000147089 -0.001353953 0.999999046 0.000243888
0.999996603 -0.002572893 -0.000350490 0.001137524 0.002573509 0.999995112 0.001767637 -0.000351411 0.000345941 -0.001768533 0.999998391 0.000326546
0.999997735 -0.002104174 0.000245111 0.000437577 0.002103826 0.999996781 0.001409943 -0.000217969 -0.000248077 -0.001409425 0.999998987 0.000171438
0.999997079 -0.002427744 0.000051468 0.000633643 0.002427659 0.999995768 0.001599353 -0.000179624 -0.000055351 -0.001599223 0.999998748 0.000242735
0.999997675 -0.002142796 0.000255471 0.000451642 0.002142462 0.999996841 0.001298963 -0.000078173 -0.000258254 -0.001298412 0.999999106 0.000151406
0.999996722 -0.002561701 0.000070648 0.000667620 0.002561587 0.999995470 0.001575537 -0.000172137 -0.000074684 -0.001575351 0.999998748 0.000112056
0.999997079 -0.002414394 0.000155915 0.000581675 0.002414156 0.999995947 0.001512182 -0.000111468 -0.000159565 -0.001511801 0.999998868 0.000175993
0.999997377 -0.002264673 0.000281269 0.000419396 0.002264262 0.999996364 0.001451878 -0.000180325 -0.000284556 -0.001451238 0.999998927 0.000026694
0.999997079 -0.002415203 -0.000190554 0.000958608 0.002415500 0.999995828 0.001574003 -0.000209514 0.000186751 -0.001574458 0.999998748 0.000477331
0.999996841 -0.002514831 0.000209867 0.000572895 0.002514566 0.999996066 0.001251489 0.000304420 -0.000213013 -0.001250957 0.999999166 0.000243583
0.999996781 -0.002547316 0.000086006 0.000692226 0.002547171 0.999995410 0.001646030 -0.000146925 -0.000090199 -0.001645805 0.999998629 0.000163368
0.999997258 -0.002336635 0.000019627 0.000685622 0.002336606 0.999996305 0.001370442 0.000021336 -0.000022830 -0.001370392 0.999999046 0.000233411
0.999996960 -0.002452759 0.000105197 0.000715400 0.002452579 0.999995589 0.001672148 -0.000163914 -0.000109297 -0.001671885 0.999998569 0.000258433
0.999996960 -0.002452345 0.000290848 0.000498975 0.002451894 0.999995828 0.001543536 -0.000113229 -0.000294632 -0.001542818 0.999998748 0.000145384
0.999996603 -0.002594495 -0.000114654 0.000897022 0.002594703 0.999994934 0.001854053 -0.000446069 0.000109843 -0.001854344 0.999998271 0.000326565
0.999997616 -0.002182336 0.000181580 0.000498799 0.002182055 0.999996424 0.001532195 -0.000241227 -0.000184923 -0.001531795 0.999998808 0.000237429
0.999997079 -0.002422749 0.000128220 0.000608770 0.002422564 0.999996066 0.001420995 -0.000078454 -0.000131662 -0.001420680 0.999998987 0.000280325
0.999997497 -0.002244637 0.000073631 0.000711482 0.002244521 0.999996305 0.001534191 -0.000076652 -0.000077074 -0.001534022 0.999998808 0.000336591
0.999997199 -0.002360042 0.000084523 0.000633410 0.002359919 0.999996185 0.001425931 -0.000092827 -0.000087888 -0.001425727 0.999998987 0.000279883
0.999996841 -0.002523330 0.000099428 0.000628977 0.002523175 0.999995649 0.001530909 0.000010398 -0.000103290 -0.001530653 0.999998808 0.000332435
0.999997258 -0.002308230 0.000357057 0.000334653 0.002307719 0.999996305 0.001426478 -0.000015008 -0.000360348 -0.001425650 0.999998927 0.000303165
0.999997497 -0.002222536 -0.000124664 0.000964946 0.002222757 0.999995887 0.001806767 -0.000442705 0.000120648 -0.001807039 0.999998331 0.000344499
0.999996305 -0.002721616 0.000123078 0.000684143 0.002721407 0.999994934 0.001667853 -0.000131341 -0.000127616 -0.001667512 0.999998629 0.000282581
0.999996066 -0.002795245 0.000083456 0.000794135 0.002795079 0.999994218 0.001924393 -0.000424310 -0.000088834 -0.001924152 0.999998152 0.000351060
0.999997437 -0.002243010 0.000265730 0.000400541 0.002242679 0.999996722 0.001240928 0.000094786 -0.000268512 -0.001240329 0.999999166 0.000264738
0.999996424 -0.002648531 0.000377236 0.000476599 0.002647968 0.999995410 0.001485111 -0.000032479 -0.000381167 -0.001484107 0.999998808 0.000260100
0.999996960 -0.002463250 0.000222701 0.000610144 0.002462864 0.999995470 0.001719588 -0.000277581 -0.000226935 -0.001719034 0.999998510 0.000122385
0.999996126 -0.002780285 0.000107204 -0.001208493 0.002780082 0.999994397 0.001849318 -0.000384622 -0.000112345 -0.001849013 0.999998271 0.000020516
0.999985158 -0.004221006 -0.003452773 -0.002944505 0.004227334 0.999989390 0.001827462 -0.000554173 0.003445023 -0.001842031 0.999992371 0.000221348
0.999937415 -0.006328052 -0.009224831 -0.002402504 0.006357515 0.999974787 0.003168030 -0.002630653 0.009204551 -0.003226479 0.999952435 -0.000742572
0.999777257 -0.016611684 -0.013018402 -0.001878931 0.016671071 0.999851048 0.004466597 -0.003263718 0.012942266 -0.004682633 0.999905288 -0.000533651
0.999457717 -0.029386222 -0.014858136 -0.003428156 0.029435614 0.999561846 0.003116566 -0.001064921 0.014760042 -0.003552234 0.999884784 -0.000541350
0.999421537 -0.029763909 -0.016451519 -0.012645315 0.029821213 0.999549985 0.003248931 -0.001969848 0.016347414 -0.003737657 0.999859393 -0.003563355
0.998996973 -0.032521401 -0.030779557 -0.017144941 0.032615613 0.999464631 0.002563740 0.000129043 0.030679705 -0.003565063 0.999522924 -0.004475815
0.998219550 -0.034458835 -0.048685841 -0.013467111 0.034810752 0.999373376 0.006398662 -0.003704229 0.048434846 -0.008082060 0.998793662 -0.003215054
0.998019755 -0.027399352 -0.056620184 -0.014534309 0.027444525 0.999623299 0.000020270 -0.002815363 0.056598298 -0.001574145 0.998395741 -0.003745793
0.997722745 -0.018578354 -0.064837836 -0.020873453 0.018313793 0.999821365 -0.004672285 -0.000463948 0.064913049 0.003474216 0.997884810 -0.004920014
0.996513784 -0.014959290 -0.082076311 -0.024440685 0.014663446 0.999883711 -0.004206124 -0.002218605 0.082129695 0.002987939 0.996617138 -0.004470212
0.994631469 -0.016256643 -0.102195807 -0.023951720 0.015773827 0.999860287 -0.005530812 -0.002435382 0.102271445 0.003889101 0.994748950 -0.004138022
0.993507385 -0.017973822 -0.112338126 -0.023113579 0.017219944 0.999822199 -0.007677572 -0.000815131 0.112456150 0.005693267 0.993640304 -0.002584517
0.993124425 -0.018433645 -0.115602508 -0.023663083 0.017611049 0.999811828 -0.008133140 -0.000536408 0.115730688 0.006041340 0.993262291 -0.002099663
0.992379785 -0.020790616 -0.121450342 -0.024742691 0.019977344 0.999769092 -0.007910278 -0.001620088 0.121586770 0.005423745 0.992565930 -0.003329634
0.991194308 -0.022973901 -0.130407602 -0.025932681 0.022170646 0.999725223 -0.007608227 -0.002843131 0.130546600 0.004650009 0.991431296 -0.004079129
0.989791512 -0.024968907 -0.140318573 -0.026816875 0.023862110 0.999669492 -0.009564994 -0.001677998 0.140511021 0.006119052 0.990060151 -0.002809649
0.988367081 -0.027847432 -0.149515927 -0.027681580 0.026813921 0.999600589 -0.008924175 -0.003233378 0.149704725 0.004811251 0.988718987 -0.004218486
0.985612512 -0.041163795 -0.163931221 -0.025034469 0.040017053 0.999145985 -0.010292863 -0.001770089 0.164214939 0.003584728 0.986418068 -0.001736231
0.985133648 -0.043263022 -0.166252851 -0.023584895 0.042193491 0.999059796 -0.009961442 -0.002294502 0.166527495 0.002798564 0.986032844 -0.001732765
0.984738946 -0.043448668 -0.168527067 -0.025702465 0.042261161 0.999050081 -0.010628455 -0.002337890 0.168828800 0.003344103 0.985639751 -0.002494955
0.983864725 -0.044845492 -0.173202395 -0.029067829 0.043612763 0.998988807 -0.010918366 -0.003051184 0.173516929 0.003188358 0.984825671 -0.004493353
0.982178688 -0.046398416 -0.182132423 -0.031587474 0.044945460 0.998916030 -0.012099223 -0.002674754 0.182496428 0.003697575 0.983199537 -0.004316802
0.980392516 -0.048101008 -0.191093311 -0.031557322 0.046479013 0.998835146 -0.012963749 -0.002564821 0.191494286 0.003827736 0.981486261 -0.004266528
0.979055822 -0.050549287 -0.197216660 -0.033569112 0.048892818 0.998716056 -0.013262462 -0.003491706 0.197633833 0.003342210 0.980270207 -0.005120216
0.976599157 -0.055875104 -0.207682356 -0.033238392 0.054236200 0.998435736 -0.013581692 -0.003337131 0.208116397 0.001999969 0.978102088 -0.003351561
0.970363736 -0.067014150 -0.232170641 -0.032675054 0.064787135 0.997750640 -0.017212857 -0.001527590 0.232801884 0.001661059 0.972522795 -0.002254659
0.968510389 -0.071964353 -0.238345817 -0.028916378 0.069501355 0.997405946 -0.018732758 0.000008821 0.239075661 0.001577513 0.970999658 0.000250051
0.967875063 -0.078565747 -0.238841057 -0.028446818 0.076285936 0.996908963 -0.018789120 -0.001693051 0.239578947 -0.000034692 0.970876873 -0.000023884
0.967590809 -0.087184474 -0.236995682 -0.027620103 0.084501378 0.996191800 -0.021476064 -0.001754949 0.237965524 0.000753584 0.971273363 0.000095888
0.969434023 -0.093492061 -0.226841241 -0.025253607 0.089606941 0.995600581 -0.027388006 -0.000837166 0.228403807 0.006224320 0.973546624 0.000332078
0.970670819 -0.094122596 -0.221221715 -0.022710914 0.090263873 0.995537817 -0.027511282 -0.000563394 0.222824007 0.006736074 0.974835396 -0.000535297
0.972301126 -0.099002525 -0.211728632 -0.021681394 0.096039630 0.995081842 -0.024258375 -0.001735826 0.213088974 0.003252110 0.977027476 -0.000444630
0.973665237 -0.105174914 -0.202272788 -0.022466801 0.102555059 0.994451582 -0.023419224 -0.001582546 0.203613579 0.002058391 0.979049206 0.000719209
0.974196017 -0.109734833 -0.197231755 -0.021560960 0.107178040 0.993959069 -0.023624590 -0.002652026 0.198632747 0.001876069 0.980072200 0.000484274
0.974897742 -0.112804309 -0.191962317 -0.021795714 0.110018142 0.993611336 -0.025146689 -0.001532469 0.193572611 0.003396113 0.981080055 0.000183071
0.975582480 -0.111608252 -0.189162105 -0.021316698 0.108777121 0.993743718 -0.025316585 -0.002712749 0.190804183 0.004121908 0.981619418 0.001460693
0.976544678 -0.109829381 -0.185196519 -0.021079149 0.106299482 0.993913651 -0.028913781 -0.003723638 0.187244922 0.008549314 0.982276022 0.000415136
0.977068484 -0.108812474 -0.183021635 -0.020610470 0.104715176 0.993989348 -0.031933591 -0.003086137 0.185396343 0.012036163 0.982590199 0.000291368
0.980393946 -0.104051404 -0.167334855 -0.014547257 0.099816941 0.994440258 -0.033543363 -0.003061619 0.169894755 0.016182855 0.985329390 0.000296914
0.982514679 -0.102095649 -0.155696332 -0.014139335 0.098116420 0.994625926 -0.033052515 -0.003625938 0.158234134 0.017198224 0.987251818 -0.000727640
0.984263539 -0.099279717 -0.146180511 -0.012040530 0.095608920 0.994906306 -0.031944260 -0.004473431 0.148607343 0.017465413 0.988742054 0.000530412
0.986308455 -0.095943406 -0.134128228 -0.011714796 0.092274822 0.995175898 -0.033319753 -0.004436342 0.136677966 0.020486902 0.990403712 -0.000419087
0.987764299 -0.093023136 -0.125173479 -0.011212287 0.089353830 0.995397866 -0.034627900 -0.003705130 0.127818599 0.023019474 0.991530418 -0.000298738
0.988708735 -0.090754211 -0.119242728 -0.009174779 0.087040439 0.995553911 -0.036002859 -0.004271977 0.121979989 0.025217403 0.992212176 0.002226098
0.989806592 -0.088060826 -0.111929186 -0.008035238 0.084270068 0.995711625 -0.038168013 -0.005474173 0.114810318 0.028346673 0.992982924 0.001148493
0.990947843 -0.084656306 -0.104189828 -0.003786217 0.080885187 0.995924115 -0.039910242 -0.009199479 0.107143804 0.031121559 0.993756294 -0.000143331
0.993475676 -0.075225659 -0.085715145 -0.005548821 0.070694640 0.995995581 -0.054727983 -0.010618359 0.089488819 0.048311327 0.994815469 0.002243446
0.994045138 -0.070922576 -0.082730070 -0.004303377 0.065707408 0.995774984 -0.064146072 -0.009005232 0.086929947 0.058328126 0.994505405 0.000479622
0.994636893 -0.068653487 -0.077356786 -0.003845096 0.063658334 0.995833874 -0.065288752 -0.008845310 0.081516817 0.060014196 0.994863510 -0.000844461
0.995092273 -0.066918693 -0.072892264 -0.001088780 0.062174473 0.995912433 -0.065519005 -0.009582844 0.076978743 0.060665414 0.995185375 -0.000959609
0.995936275 -0.062402908 -0.064936340 0.001150426 0.058030166 0.996052146 -0.067176387 -0.010055502 0.068871930 0.063135140 0.995625734 -0.000803482
0.996878386 -0.058481336 -0.053040043 0.002494114 0.054749172 0.996093810 -0.069280006 -0.010991416 0.056884438 0.066159844 0.996186256 -0.001632807
0.997812033 -0.051184170 -0.041847661 0.003783339 0.047990404 0.996098697 -0.074056253 -0.010428202 0.045474917 0.071885936 0.996375620 -0.000730024
0.998525560 -0.046003625 -0.028813869 0.004211150 0.043649632 0.996029258 -0.077590615 -0.011206781 0.032268897 0.076218516 0.996568799 -0.001376323
0.998985112 -0.040403046 -0.019907787 0.005478349 0.038695198 0.996062040 -0.079768658 -0.012755531 0.023052290 0.078917354 0.996614635 -0.001721717
0.999254882 -0.035966855 -0.014004886 0.007486288 0.034690879 0.995976746 -0.082624011 -0.012480319 0.016920269 0.082076594 0.996482432 -0.000008317
0.999444842 -0.031821016 -0.009862423 0.007481229 0.030880209 0.995974898 -0.084144384 -0.012044636 0.012500271 0.083793111 0.996404767 0.001819244
0.999579549 -0.028100301 -0.007155180 0.007728362 0.027394071 0.996028483 -0.084714927 -0.012162238 0.009507254 0.084483311 0.996379554 0.001012546
0.999720633 -0.023429651 -0.003144652 0.008877943 0.023078557 0.996126950 -0.084843680 -0.012681164 0.005120337 0.084747404 0.996389270 0.000256882
0.999783754 -0.020763336 0.001154676 0.009098235 0.020786349 0.996164978 -0.084988952 -0.011606220 0.000614360 0.084994584 0.996381223 -0.000195129
0.999791443 -0.019654257 0.005541965 0.010361316 0.020045187 0.996378720 -0.082629681 -0.011847029 -0.003897861 0.082723543 0.996564925 -0.000877121
0.999798477 -0.016849037 0.010914173 0.012817005 0.017680844 0.996538520 -0.081230894 -0.011861084 -0.009507723 0.081407502 0.996635556 -0.000171576
0.999720514 -0.014582529 0.018612206 0.011869851 0.016058380 0.996521175 -0.081778847 -0.013336143 -0.017354921 0.082054891 0.996476710 0.000323312
0.999656558 -0.014467131 0.021849781 0.012801399 0.016265672 0.996289372 -0.084515318 -0.013026313 -0.020546079 0.084841698 0.996182621 0.001929877
0.999553680 -0.013254656 0.026772261 0.015295082 0.015538024 0.996090055 -0.086965054 -0.012866723 -0.025514901 0.087342232 0.995851576 0.002381164
0.999359727 -0.010875095 0.034087598 0.015471388 0.013854978 0.995985270 -0.088438578 -0.012448000 -0.032989010 0.088854231 0.995498240 0.002494090
0.999247909 -0.008436160 0.037847400 0.013281561 0.011776347 0.995969236 -0.088918708 -0.013175987 -0.036944687 0.089297548 0.995319605 0.002824898
0.999225378 -0.007783042 0.038575575 0.013765263 0.011190467 0.995976090 -0.088917963 -0.013845256 -0.037728339 0.089280769 0.995291710 0.001141127
0.999197066 -0.006911358 0.039464474 0.015473706 0.010424064 0.995931387 -0.089509785 -0.012968370 -0.038685277 0.089849293 0.995203793 0.000456339
0.999128938 -0.005643362 0.041344985 0.015117115 0.009293847 0.996020317 -0.088640451 -0.013484860 -0.040680245 0.088947505 0.995205224 0.001386601
